,L,B,a,b,c,t,phi,sigma_0,E,nu,sigma_ax_a,sigma_ay_a,sigma_bx_a,sigma_by_a,tau_a,sigma_ax_b,sigma_ay_b,sigma_bx_b,sigma_by_b,tau_b,sigma_ax_c,sigma_ay_c,sigma_bx_c,sigma_by_c,tau_c,sigma_a_unit_c,sigma_b_unit_c,sigma_x_cbhd,sigma_y_cbhd,tau_cbhd
0,100.0,200.0,20.0,24.0,18.0,0.5,45.0,34075.0,30000000.0,0.3,100.0,75.0,125.0,90.0,80.0,105.0,80.0,130.0,95.0,85.0,95.0,70.0,120.0,85.0,75.0,125.0,60.0,55.0,30.0,40.0
1,110.0,210.0,20.5,24.5,18.5,0.55,45.5,34085.0,30000000.0,0.3,110.0,85.0,135.0,100.0,90.0,115.0,90.0,140.0,105.0,95.0,105.0,80.0,130.0,95.0,85.0,135.0,70.0,65.0,40.0,50.0
2,120.0,220.0,21.0,25.0,19.0,0.6,46.0,34095.0,30000000.0,0.3,120.0,95.0,145.0,110.0,100.0,125.0,100.0,150.0,115.0,105.0,115.0,90.0,140.0,105.0,95.0,145.0,80.0,75.0,50.0,60.0
3,130.0,230.0,21.5,25.5,19.5,0.65,46.5,34105.0,30000000.0,0.3,130.0,105.0,155.0,120.0,110.0,135.0,110.0,160.0,125.0,115.0,125.0,100.0,150.0,115.0,105.0,155.0,90.0,85.0,60.0,70.0
4,140.0,240.0,22.0,26.0,20.0,0.7,47.0,34115.0,30000000.0,0.3,140.0,115.0,165.0,130.0,120.0,145.0,120.0,170.0,135.0,125.0,135.0,110.0,160.0,125.0,115.0,165.0,100.0,95.0,70.0,80.0
5,150.0,250.0,22.5,26.5,20.5,0.75,47.5,34125.0,30000000.0,0.3,150.0,125.0,175.0,140.0,130.0,155.0,130.0,180.0,145.0,135.0,145.0,120.0,170.0,135.0,125.0,175.0,110.0,105.0,80.0,90.0
6,160.0,260.0,23.0,27.0,21.0,0.8,48.0,34135.0,30000000.0,0.3,160.0,135.0,185.0,150.0,140.0,165.0,140.0,190.0,155.0,145.0,155.0,130.0,180.0,145.0,135.0,185.0,120.0,115.0,90.0,100.0
7,170.0,270.0,23.5,27.5,21.5,0.85,48.5,34145.0,30000000.0,0.3,170.0,145.0,195.0,160.0,150.0,175.0,150.0,200.0,165.0,155.0,165.0,140.0,190.0,155.0,145.0,195.0,130.0,125.0,100.0,110.0
8,180.0,280.0,24.0,28.0,22.0,0.9,49.0,34155.0,30000000.0,0.3,180.0,155.0,205.0,170.0,160.0,185.0,160.0,210.0,175.0,165.0,175.0,150.0,200.0,165.0,155.0,205.0,140.0,135.0,110.0,120.0
9,190.0,290.0,24.5,28.5,22.5,0.95,49.5,34165.0,30000000.0,0.3,190.0,165.0,215.0,180.0,170.0,195.0,170.0,220.0,185.0,175.0,185.0,160.0,210.0,175.0,165.0,215.0,150.0,145.0,120.0,130.0
10,200.0,300.0,25.0,29.0,23.0,1.0,50.0,34175.0,30000000.0,0.3,200.0,175.0,225.0,190.0,180.0,205.0,180.0,230.0,195.0,185.0,195.0,170.0,220.0,185.0,175.0,225.0,160.0,155.0,130.0,140.0
11,210.0,310.0,25.5,29.5,23.5,1.05,50.5,34185.0,30000000.0,0.3,210.0,185.0,235.0,200.0,190.0,215.0,190.0,240.0,205.0,195.0,205.0,180.0,230.0,195.0,185.0,235.0,170.0,165.0,140.0,150.0
12,220.0,320.0,26.0,30.0,24.0,1.1,51.0,34195.0,30000000.0,0.3,220.0,195.0,245.0,210.0,200.0,225.0,200.0,250.0,215.0,205.0,215.0,190.0,240.0,205.0,195.0,245.0,180.0,175.0,150.0,160.0
13,230.0,330.0,26.5,30.5,24.5,1.15,51.5,34205.0,30000000.0,0.3,230.0,205.0,255.0,220.0,210.0,235.0,210.0,260.0,225.0,215.0,225.0,200.0,250.0,215.0,205.0,255.0,190.0,185.0,160.0,170.0
14,240.0,340.0,27.0,31.0,25.0,1.2,52.0,34215.0,30000000.0,0.3,240.0,215.0,265.0,230.0,220.0,245.0,220.0,270.0,235.0,225.0,235.0,210.0,260.0,225.0,215.0,265.0,200.0,195.0,170.0,180.0
15,250.0,350.0,27.5,31.5,25.5,1.25,52.5,34225.0,30000000.0,0.3,250.0,225.0,275.0,240.0,230.0,255.0,230.0,280.0,245.0,235.0,245.0,220.0,270.0,235.0,225.0,275.0,210.0,205.0,180.0,190.0
16,260.0,360.0,28.0,32.0,26.0,1.3,53.0,34235.0,30000000.0,0.3,260.0,235.0,285.0,250.0,240.0,265.0,240.0,290.0,255.0,245.0,255.0,230.0,280.0,245.0,235.0,285.0,220.0,215.0,190.0,200.0
17,270.0,370.0,28.5,32.5,26.5,1.35,53.5,34245.0,30000000.0,0.3,270.0,245.0,295.0,260.0,250.0,275.0,250.0,300.0,265.0,255.0,265.0,240.0,290.0,255.0,245.0,295.0,230.0,225.0,200.0,210.0
18,280.0,380.0,29.0,33.0,27.0,1.4,54.0,34255.0,30000000.0,0.3,280.0,255.0,305.0,270.0,260.0,285.0,260.0,310.0,275.0,265.0,275.0,250.0,300.0,265.0,255.0,305.0,240.0,235.0,210.0,220.0
19,290.0,390.0,29.5,33.5,27.5,1.45,54.5,34265.0,30000000.0,0.3,290.0,265.0,315.0,280.0,270.0,295.0,270.0,320.0,285.0,275.0,285.0,260.0,310.0,275.0,265.0,315.0,250.0,245.0,220.0,230.0
20,300.0,400.0,30.0,34.0,28.0,1.5,55.0,34275.0,30000000.0,0.3,300.0,275.0,325.0,290.0,280.0,305.0,280.0,330.0,295.0,285.0,295.0,270.0,320.0,285.0,275.0,325.0,260.0,255.0,230.0,240.0
21,310.0,410.0,30.5,34.5,28.5,1.55,55.5,34285.0,30000000.0,0.3,310.0,285.0,335.0,300.0,290.0,315.0,290.0,340.0,305.0,295.0,305.0,280.0,330.0,295.0,285.0,335.0,270.0,265.0,240.0,250.0
22,320.0,420.0,31.0,35.0,29.0,1.6,56.0,34295.0,30000000.0,0.3,320.0,295.0,345.0,310.0,300.0,325.0,300.0,350.0,315.0,305.0,315.0,290.0,340.0,305.0,295.0,345.0,280.0,275.0,250.0,260.0
23,330.0,430.0,31.5,35.5,29.5,1.65,56.5,34305.0,30000000.0,0.3,330.0,305.0,355.0,320.0,310.0,335.0,310.0,360.0,325.0,315.0,325.0,300.0,350.0,315.0,305.0,355.0,290.0,285.0,260.0,270.0
24,340.0,440.0,32.0,36.0,30.0,1.7,57.0,34315.0,30000000.0,0.3,340.0,315.0,365.0,330.0,320.0,345.0,320.0,370.0,335.0,325.0,335.0,310.0,360.0,325.0,315.0,365.0,300.0,295.0,270.0,280.0
